0.774 0.87 3.27e-06 11 -3.53 0 0.0631 107.039 4 0.84 0.0733 7
0.46 0.834 9.12e-06 0 -4.749 1 0.0553 156.98 4 0.272 0.119 0
0.762 0.81 0.000364 1 -4.528 1 0.101 81.984 4 0.902 0.0463 7
0.612 0.799 0 10 -4.603 1 0.0275 125.976 4 0.675 0.00898 0
0.768 0.648 0.82 0 -8.384 1 0.104 145.072 3 0.834 0.21 0
0.838 0.765 0.00021 1 -2.332 0 0.0462 100.021 4 0.921 0.0514 2
0.714 0.785 2.84e-05 0 -5.907 1 0.041 106.034 4 0.338 0.0153 0
0.506 0.641 8.09e-06 4 -4.815 0 0.0456 171.957 3 0.385 0.0848 2
0.31 0.346 0.0893 10 -11.098 1 0.0336 180.252 3 0.279 0.135 0
0.622 0.701 0 0 -6.212 1 0.118 161.094 4 0.777 0.325 0
0.562 0.681 0 11 -4.934 0 0.0871 148.064 4 0.339 0.113 2
0.156 0.849 0.554 3 -5.5 0 0.0664 186.164 3 0.551 9.78e-05 1
0.431 0.817 2.71e-05 0 -6.374 1 0.0305 148.003 4 0.702 0.00765 2
0.594 0.629 0 9 -6.776 1 0.0321 133.967 4 0.632 0.334 0
0.685 0.783 0 11 -4.152 1 0.0276 90.008 4 0.532 0.116 0
0.721 0.687 0 1 -6.682 1 0.0782 175.914 4 0.828 0.0998 0
0.69 0.86 0 5 -2.622 0 0.0559 176.027 4 0.867 0.111 14
0.881 0.441 4.89e-05 10 -9.315 0 0.286 139.978 4 0.369 0.0488 0
0.648 0.738 0 6 -5.883 0 0.247 159.145 4 0.606 0.0408 2
0.927 0.665 0 11 -5.313 1 0.244 127.076 4 0.166 0.061 7
0.647 0.932 1.5e-06 11 -3.515 1 0.0824 114.991 4 0.387 0.00383 13
0.646 0.644 0 2 -6.763 1 0.031 99.999 4 0.26 0.0243 0
0.746 0.794 0 1 -6.331 1 0.0698 104.827 4 0.471 0.0258 0
0.699 0.674 0 8 -5.725 1 0.0484 110.101 4 0.574 0.364 14
0.621 0.199 0.00186 10 -13.788 1 0.0344 128.905 4 0.179 0.976 11
0.763 0.806 3.68e-05 1 -4.024 1 0.0667 88.993 4 0.596 0.126 14
0.659 0.926 0.00121 0 -4.66 1 0.0461 152.015 4 0.949 0.0344 0
0.509 0.729 2.73e-05 1 -4.773 1 0.0343 127.871 4 0.185 0.0732 13
0.719 0.472 0.00131 1 -10.363 1 0.0478 129.977 4 0.153 0.0715 0
0.748 0.654 0 7 -6.053 0 0.0651 140.039 4 0.668 0.187 7
0.728 0.735 0 1 -3.961 1 0.307 139.128 4 0.226 0.043 7
0.615 0.522 0.675 6 -9.804 0 0.141 124.999 4 0.117 0.627 0
0.736 0.891 1.74e-05 10 -2.866 1 0.117 177.981 4 0.79 0.11 14
0.531 0.651 0.000804 2 -5.918 1 0.0328 75.001 3 0.303 0.543 0
0.525 0.718 0.00224 10 -4.891 1 0.0423 155.074 4 0.301 0.000243 1
0.464 0.613 0.447 10 -9.82 0 0.31 79.975 4 0.293 0.295 1
0.751 0.742 0 0 -4.393 0 0.12 173.941 4 0.862 0.367 0
0.629 0.882 0.000584 8 -5.231 1 0.0449 105.004 4 0.45 0.0502 13
0.652 0.719 0 1 -7.251 1 0.033 94.969 4 0.254 0.0353 0
0.578 0.736 0.0299 5 -7.637 0 0.0319 105.01 3 0.284 0.0117 2
0.653 0.724 0 9 -6.412 0 0.0742 121.892 4 0.389 0.0484 7
0.597 0.357 0.00393 3 -14.718 1 0.259 84.864 4 0.0638 0.644 2
0.74 0.46 1.35e-05 0 -8.363 1 0.0674 117.988 4 0.08 0.0546 2
0.584 0.752 3.73e-06 8 -6.689 1 0.058 125.797 4 0.786 0.018 0
0.789 0.442 0.00366 11 -7.844 1 0.0421 121.971 4 0.455 0.586 0
0.548 0.694 0 4 -7.687 0 0.0569 149.992 4 0.184 0.024 0
0.676 0.954 0 9 -1.84 1 0.127 103.998 4 0.538 0.0285 14
0.315 0.563 0.000242 9 -9.671 1 0.354 179.484 4 0.151 0.173 2
0.4 0.298 0.000515 10 -12.29 0 0.234 75.342 4 0.208 0.585 0
0.696 0.786 0 0 -4.618 1 0.0596 122.025 4 0.41 0.778 2
0.779 0.387 0.0102 0 -8.896 0 0.07 155.031 4 0.226 0.126 0
0.584 0.569 0 0 -4.259 1 0.166 89.779 4 0.508 0.0508 0
0.809 0.793 0 6 -4.165 0 0.155 175.937 4 0.843 0.108 14
0.553 0.961 1.23e-06 0 -1.881 0 0.0988 126.994 4 0.485 0.038 13
0.772 0.909 0 6 -3.225 0 0.166 96.031 4 0.679 0.256 14
0.682 0.936 0.00555 10 -3.934 0 0.0578 128.023 4 0.203 0.00325 0
0.405 0.846 0 6 -3.57 1 0.195 82.232 4 0.609 0.0948 2
0.673 0.789 0 0 -4.288 1 0.0408 100.043 4 0.847 0.00975 11
0.585 0.661 0 1 -5.696 1 0.355 132.055 5 0.648 0.297 7
0.698 0.882 0 4 -3.078 0 0.0863 106.083 4 0.462 0.127 0
0.484 0.956 0 1 -1.848 0 0.0926 127.997 4 0.172 0.0412 13
0.76 0.838 1.3e-06 7 -3.828 0 0.0529 93.05 4 0.74 0.547 2
0.876 0.741 0.0185 11 -4.836 0 0.0435 122.967 4 0.672 0.31 13
0.747 0.477 0 10 -11.062 0 0.276 93.44 4 0.339 0.0962 7
0.886 0.427 0.00099 6 -10.028 1 0.145 108.034 4 0.236 0.0312 7
0.681 0.922 0.00167 5 -3.592 1 0.0779 156.071 4 0.553 0.107 7
0.781 0.57 0 11 -5.874 0 0.188 107.059 4 0.858 0.273 7
0.721 0.518 0.000113 9 -7.619 1 0.0719 96.988 4 0.233 0.0658 2
0.749 0.747 1.17e-05 6 -6.457 1 0.121 109.063 4 0.46 0.0938 13
0.6 0.824 0.000311 8 -6.11 1 0.0376 129.887 4 0.241 0.123 2
0.735 0.451 1.3e-05 0 -8.374 1 0.0585 117.973 4 0.0854 0.0631 2
0.835 0.413 0.00133 1 -9.81 1 0.395 149.004 4 0.114 0.373 7
0.649 0.464 1.18e-06 0 -9.052 1 0.0515 149.652 4 0.294 0.253 0
0.8 0.297 0.000111 0 -13.1 0 0.407 140.051 4 0.209 0.66 0
0.785 0.371 3.84e-06 0 -8.233 0 0.0519 78.265 4 0.312 0.841 0
0.581 0.789 3.96e-06 6 -3.842 1 0.0683 108.863 4 0.737 0.00343 2
0.4 0.57 0 2 -6.184 1 0.0599 122.076 4 0.229 0.325 11
0.504 0.281 2.94e-06 10 -6.442 0 0.0716 93.866 4 0.332 0.929 2
0.433 0.435 0 2 -8.001 1 0.0289 140.919 4 0.12 0.592 0
0.524 0.76 1.1e-05 5 -4.214 1 0.0361 143.991 4 0.449 0.126 0
0.732 0.708 0.000161 10 -5.978 1 0.0324 114.033 4 0.739 0.0715 2
0.67 0.838 0.000611 0 -4.031 1 0.0362 104.998 4 0.687 0.0604 13
0.689 0.531 0 0 -7.333 0 0.239 139.873 4 0.375 0.0191 2
0.582 0.9 0 2 -3.5 0 0.117 147.901 4 0.373 0.227 2
0.671 0.742 4.38e-06 10 -4.768 0 0.368 89.835 4 0.762 0.451 2
0.615 0.547 0 9 -7.609 1 0.137 81.081 4 0.234 0.567 2
0.393 0.94 0.00264 6 -3.894 0 0.0718 129.958 4 0.293 0.0663 13
0.725 0.768 0 4 -4.13 0 0.0377 143.043 4 0.42 0.134 2
0.786 0.854 1.63e-06 2 -4.247 1 0.0523 105.078 4 0.685 0.0729 2
0.468 0.515 0 6 -6.578 1 0.0665 86.21 4 0.186 0.145 2
0.803 0.743 2.12e-06 1 -3.602 0 0.0681 108.005 4 0.68 0.105 13
0.683 0.691 0 8 -5.535 1 0.0432 179.91 4 0.746 0.243 14
0.562 0.832 2.83e-06 2 -5.26 1 0.0499 104.042 4 0.669 0.000938 2
0.476 0.342 1.32e-06 5 -10.715 0 0.208 131.355 5 0.454 0.583 0
0.681 0.856 0.000319 0 -3.158 0 0.0782 125.962 4 0.284 0.0113 13
0.653 0.73 1.4e-06 2 -8.018 1 0.0378 85.015 4 0.638 0.0165 0
0.54 0.902 0 1 -3.577 1 0.0442 75.033 4 0.702 0.0142 1
0.559 0.915 2.33e-05 3 -4.523 1 0.0514 128.007 4 0.282 0.0463 13
0.791 0.763 0.00332 11 -6.843 0 0.249 125.004 4 0.936 0.175 13
0.585 0.612 1.03e-05 1 -8.341 1 0.0806 77.487 4 0.173 0.181 2
0.813 0.763 0 11 -1.199 0 0.281 130.074 4 0.36 0.281 7
0.442 0.784 0 2 -4.001 1 0.0344 170.139 4 0.554 0.0527 0
0.718 0.713 0 8 -3.523 1 0.057 134.989 4 0.115 0.0262 2
0.704 0.72 0 9 -3.945 1 0.03 124.975 4 0.748 0.656 0
0.65 0.569 1.19e-05 0 -8.414 1 0.235 196.09 4 0.575 0.227 0
0.748 0.524 0 8 -5.599 1 0.0338 95.01 4 0.635 0.414 0
0.708 0.833 0.000407 9 -4.024 0 0.035 125.028 4 0.412 0.147 13
0.679 0.871 0 9 -4.745 1 0.074 94.926 4 0.767 0.218 14
0.536 0.722 0 4 -4.163 1 0.0284 143.78 4 0.472 0.312 0
0.231 0.919 0.00451 2 -6.182 0 0.0728 146.944 4 0.126 0.00314 2
0.5 0.389 0.403 7 -10.247 0 0.0284 101.145 4 0.0793 0.558 0
0.69 0.626 0 7 -5.831 1 0.0275 101.958 4 0.652 0.129 0
0.768 0.814 0 0 -5.91 0 0.151 92.979 4 0.558 0.413 2
0.654 0.625 0 1 -8.099 1 0.0736 129.975 4 0.337 0.000873 0
0.642 0.927 1.15e-06 9 -4.947 1 0.325 122.94 4 0.787 0.359 0
0.704 0.423 0 8 -6.792 1 0.0862 113.962 4 0.45 0.416 2
0.836 0.67 0.000355 5 -6.907 0 0.23 107.018 4 0.558 0.00826 7
0.665 0.651 3.02e-05 8 -6.435 1 0.0801 155.984 4 0.907 0.0399 2
0.724 0.904 0 8 -3.354 0 0.0966 90.999 4 0.851 0.0786 2
0.857 0.441 0.00123 0 -6.649 1 0.0452 91.977 4 0.637 0.197 2
0.564 0.575 0.000463 0 -8.515 0 0.184 96.827 4 0.332 0.296 0
0.707 0.443 0.0197 7 -10.781 1 0.0388 118.038 4 0.211 0.308 2
0.784 0.511 0.00047 0 -5.122 0 0.0534 145.003 4 0.587 0.247 11
0.945 0.394 0 10 -8.571 1 0.492 120.058 4 0.718 0.303 7
0.761 0.829 0 0 -3.203 0 0.0681 92.033 4 0.82 0.167 0
0.748 0.698 0 10 -4.312 1 0.0305 121.979 4 0.914 0.618 14
0.563 0.945 0.00014 4 -2.493 0 0.086 127.956 4 0.275 0.0454 13
0.518 0.686 0 9 -4.911 1 0.0313 144.065 4 0.319 0.114 0
0.649 0.868 0 11 -3.472 1 0.137 141.901 4 0.836 0.0805 2
0.932 0.769 0.761 6 -6.983 1 0.13 145.053 4 0.963 0.00141 0
0.767 0.819 0 0 -5.945 0 0.127 92.99 4 0.587 0.44 2
0.657 0.703 0 1 -3.402 1 0.0753 122.381 4 0.344 0.222 2
0.526 0.905 0.278 2 -4.405 0 0.0473 129.964 4 0.706 3.27e-05 8
0.499 0.682 0 9 -6.962 1 0.135 83.511 4 0.476 0.0651 13
0.735 0.589 0 1 -6.586 0 0.0593 116.974 4 0.256 0.113 2
0.458 0.99 0.000893 8 -3.717 1 0.183 166.904 4 0.462 0.000285 8
0.567 0.795 0 11 -6.202 0 0.0292 134.009 4 0.408 0.0138 0
0.827 0.646 0 1 -4.727 0 0.0766 92.057 4 0.51 0.0724 14
0.568 0.481 0.000321 0 -9.861 0 0.047 149.923 4 0.135 0.516 0
0.579 0.973 0.0567 5 -2.152 0 0.09 116.025 4 0.665 0.000145 8
0.655 0.757 0.0423 9 -5.082 0 0.0519 107.009 4 0.733 0.00735 11
0.539 0.546 4.86e-05 9 -7.448 1 0.106 159.996 3 0.536 0.674 7
0.575 0.819 1.7e-06 5 -4.723 1 0.0342 92.067 4 0.382 0.0366 2
0.644 0.895 0 8 -3.669 1 0.0469 169.98 4 0.89 0.172 14
0.555 0.896 0 0 -3.295 1 0.0388 114.995 4 0.558 0.00434 0
0.801 0.753 0 1 -6.247 0 0.105 95.066 4 0.805 0.166 7
0.314 0.555 0.000108 9 -9.601 1 0.37 179.666 4 0.156 0.157 2
0.465 0.701 0.0447 7 -6.828 0 0.0337 144.931 5 0.376 0.00252 2
0.55 0.774 0 11 -4.397 1 0.0967 170.124 4 0.462 0.424 0
0.472 0.796 3.5e-05 7 -4.911 1 0.045 129.811 4 0.233 0.0107 2
0.549 0.789 6.68e-05 5 -6.071 1 0.0313 136.125 4 0.703 0.0178 1
0.746 0.889 0 5 -3.835 1 0.0434 98.038 4 0.836 0.188 2
0.599 0.795 4.23e-06 11 -4.47 0 0.0302 135.97 4 0.559 0.166 0
0.566 0.865 1.31e-05 0 -5.082 0 0.0387 105.964 4 0.697 0.00506 1
0.501 0.836 0 11 -3.587 0 0.0491 159.863 4 0.627 0.208 0
0.644 0.878 0.787 6 -4.39 1 0.0366 126.009 4 0.126 0.000214 13
0.863 0.824 0 9 -6.159 1 0.257 93.96 4 0.802 0.058 0
0.659 0.772 0.000443 4 -5.594 1 0.0358 92.007 4 0.364 0.395 0
0.598 0.738 0 4 -4.513 0 0.0401 120.003 4 0.139 0.0706 0
0.632 0.523 0 9 -8.396 1 0.05 95.072 4 0.294 0.331 0
0.461 0.834 1.14e-05 2 -4.868 1 0.0989 135.007 4 0.482 0.0232 2
0.541 0.847 0.271 11 -6.52 1 0.0297 148.937 4 0.625 0.303 1
0.802 0.842 5.18e-06 7 -5.734 0 0.037 100.009 4 0.72 0.356 14
0.542 0.63 0 6 -6.982 1 0.0495 82.899 4 0.482 0.0991 0
0.516 0.37 0 2 -9.299 1 0.0881 71.841 5 0.371 0.804 13
0.735 0.87 0 1 -1.955 1 0.0385 102.033 4 0.229 0.0355 2
0.612 0.57 3.29e-05 1 -9.62 0 0.0735 169.842 4 0.813 0.803 14
0.568 0.942 0 5 -4.071 0 0.443 112.502 4 0.804 0.291 13
0.535 0.971 0.00529 4 -3.579 0 0.0679 105.991 4 0.426 7.92e-05 8
0.496 0.65 8.68e-06 5 -3.867 1 0.103 134.9 4 0.556 0.254 11
0.574 0.924 0 5 -2.984 0 0.0502 119.927 4 0.552 0.015 13
0.521 0.805 0.000219 9 -4.481 1 0.0289 141.967 4 0.549 0.124 0
0.514 0.862 0.171 0 -6.329 0 0.156 126.112 4 0.487 0.0319 13
0.517 0.828 0.841 8 -5.648 0 0.0482 128.077 4 0.0567 9.69e-05 13
0.663 0.481 6.7e-05 6 -4.121 0 0.0545 75.523 4 0.31 0.195 11
0.465 0.551 0 6 -6.254 1 0.0381 118.369 3 0.191 0.0187 0
0.613 0.873 0.00111 7 -6.376 0 0.0449 129.989 4 0.394 0.00397 0
0.594 0.893 0 8 -3.792 1 0.0962 126.063 4 0.413 0.000523 1
0.476 0.718 1.02e-05 8 -5.309 1 0.0576 199.864 4 0.143 0.0784 13
0.832 0.772 0.000486 10 -5.429 1 0.1 96.016 4 0.714 0.0559 14
0.569 0.761 6.71e-06 5 -6.071 0 0.475 180.122 4 0.321 0.261 7
0.422 0.349 0.00024 4 -12.424 0 0.315 57.0 4 0.136 0.339 11
0.592 0.701 0 10 -4.014 0 0.0858 129.501 4 0.299 0.0451 7
0.529 0.657 0 1 -6.46 1 0.0669 168.197 4 0.387 0.407 2
0.669 0.931 0.764 1 -3.385 0 0.0388 126.06 4 0.26 0.0938 13
0.639 0.869 0 11 -4.024 1 0.147 169.801 4 0.766 0.27 14
0.78 0.661 0 0 -5.418 1 0.0686 95.01 4 0.939 0.0545 2
0.371 0.851 4e-05 2 -3.712 1 0.125 104.033 4 0.507 0.000249 8
0.68 0.428 0.00407 7 -11.283 0 0.0517 127.922 4 0.444 0.388 11
0.804 0.56 0 8 -6.682 1 0.185 85.023 4 0.264 0.00479 7
0.96 0.547 0 6 -6.992 0 0.0786 121.01 4 0.18 0.0496 7
0.748 0.653 0 8 -7.975 0 0.219 104.008 4 0.392 0.209 0
0.447 0.967 0 0 -2.706 1 0.0793 179.991 4 0.597 0.00448 9
0.825 0.652 0 1 -3.183 0 0.0802 95.977 4 0.933 0.581 2
0.85 0.405 0.000118 7 -7.509 0 0.225 139.976 4 0.337 0.119 7
0.584 0.54 0 1 -7.786 0 0.0576 137.972 4 0.19 0.0895 13
0.515 0.902 0 6 -4.729 0 0.383 174.589 5 0.617 0.0313 7
0.583 0.934 0.0117 8 -6.177 0 0.0836 127.947 4 0.15 0.0042 13
0.746 0.846 0 9 -2.432 1 0.048 114.955 4 0.418 0.0485 13
0.788 0.43 0.00261 11 -7.757 1 0.0419 121.996 4 0.485 0.537 0
0.623 0.932 0.00144 1 -2.857 0 0.0683 126.033 4 0.55 0.464 13
0.636 0.953 0.0164 2 -3.74 1 0.0353 142.011 4 0.397 0.0244 13
0.737 0.729 2.16e-05 5 -6.817 0 0.0354 111.937 4 0.431 0.127 2
0.799 0.899 0 2 -3.945 1 0.131 108.051 4 0.574 0.018 0
0.632 0.647 0.104 8 -8.587 1 0.0294 105.945 4 0.222 0.141 2
0.744 0.754 1.33e-06 8 -3.829 1 0.24 180.039 4 0.832 0.0213 14
0.462 0.538 0 0 -5.527 1 0.059 139.256 4 0.385 0.0137 2
0.631 0.716 0 10 -5.713 1 0.0432 88.541 4 0.637 0.013 0
0.774 0.484 0.000509 0 -7.989 1 0.0292 108.984 4 0.336 0.591 0
0.79 0.762 0 6 -5.704 0 0.243 75.549 4 0.953 0.0418 7
0.668 0.626 0 11 -3.633 1 0.0451 126.085 4 0.719 0.0531 13
0.66 0.786 0 2 -4.757 1 0.17 177.833 4 0.849 0.209 14
0.792 0.675 0 2 -4.526 1 0.093 127.076 4 0.111 0.0722 7
0.799 0.602 0.545 10 -7.616 0 0.053 112.979 4 0.434 0.0981 0
0.923 0.535 0 9 -7.353 0 0.301 133.942 4 0.73 0.161 7
0.531 0.907 0 0 -2.977 1 0.0478 154.861 4 0.317 0.0128 13
0.746 0.389 0 6 -6.261 1 0.0401 93.973 4 0.59 0.179 0
0.515 0.725 0.000105 2 -5.523 0 0.0289 139.971 4 0.159 6.55e-05 0
0.658 0.679 1.46e-06 7 -6.585 1 0.212 89.965 4 0.411 0.585 2
0.82 0.641 5.07e-05 4 -7.811 0 0.116 117.974 4 0.374 0.0662 7
0.386 0.714 0 6 -5.597 0 0.381 89.807 4 0.313 0.263 13
0.486 0.713 0 2 -3.949 0 0.0524 121.028 4 0.3 0.0853 2
0.56 0.78 0 1 -5.164 1 0.0459 160.052 4 0.466 0.186 0
0.819 0.548 0 8 -7.742 0 0.37 126.994 4 0.713 0.189 7
0.88 0.507 0.474 1 -7.782 1 0.0921 109.977 4 0.38 0.0587 11
0.497 0.805 0 11 -3.995 1 0.0332 166.048 4 0.688 0.125 0
0.505 0.827 1.07e-05 0 -5.517 1 0.0456 114.987 4 0.0997 0.00626 8
0.675 0.632 0 5 -4.542 1 0.0439 124.035 4 0.7 0.122 2
0.865 0.603 0.428 3 -11.289 1 0.0532 135.006 4 0.595 0.00159 0
0.483 0.787 0 8 -5.244 1 0.102 122.058 4 0.556 0.112 13
0.664 0.601 0.728 8 -6.446 1 0.0644 124.136 4 0.389 0.00635 0
0.625 0.852 0 0 -3.614 1 0.0574 184.212 4 0.842 0.0551 2
0.763 0.531 0 7 -7.381 1 0.146 108.006 4 0.271 0.138 7
0.77 0.565 0 10 -7.641 0 0.272 141.999 4 0.396 0.284 7
0.539 0.545 0 9 -5.775 1 0.0721 73.08 4 0.147 0.196 7
0.446 0.915 0 7 -4.232 1 0.0416 174.065 4 0.306 3.02e-05 9
0.635 0.798 0 8 -5.463 0 0.187 145.04 4 0.467 0.0131 0
0.353 0.46 0 6 -6.044 1 0.0335 60.638 4 0.201 0.766 0
0.169 0.978 0.00395 4 -3.37 0 0.0657 179.035 4 0.372 3.28e-05 8
0.663 0.92 1.69e-05 11 -4.07 0 0.226 99.935 4 0.521 0.00431 2
0.653 0.758 0 8 -5.992 0 0.112 94.001 4 0.593 0.241 0
0.331 0.75 1.21e-06 5 -5.202 1 0.0436 185.97 4 0.251 6.86e-05 8
0.783 0.623 0 7 -6.126 1 0.08 100.048 4 0.447 0.338 2
0.679 0.662 0 7 -5.861 1 0.0773 90.054 4 0.357 0.151 2
0.208 0.0781 0.906 9 -26.313 1 0.0446 139.757 5 0.0377 0.986 0
0.671 0.924 0.000214 10 -3.239 1 0.0529 97.012 4 0.161 0.196 13
0.774 0.617 0 1 -8.425 1 0.164 169.05 4 0.454 0.00472 7
0.674 0.825 2.16e-05 3 -3.228 1 0.113 95.984 4 0.552 0.438 0
0.652 0.795 0 11 -5.192 0 0.174 135.018 4 0.788 0.156 7
0.769 0.631 0 1 -6.769 1 0.0568 100.968 4 0.501 0.0913 2
0.619 0.198 0.00191 10 -13.808 1 0.0344 128.998 4 0.183 0.976 11
0.841 0.728 0 7 -3.37 1 0.0484 130.049 4 0.43 0.0847 7
0.564 0.768 0 8 -6.431 1 0.0342 144.971 4 0.362 0.00262 2
0.522 0.752 5.25e-06 7 -5.62 0 0.0556 173.956 4 0.0385 0.0494 7
0.488 0.915 0 7 -4.255 1 0.0389 75.019 4 0.637 0.0406 0
0.711 0.462 3.86e-05 10 -7.132 0 0.055 84.04 4 0.288 0.476 7
0.568 0.587 0.329 11 -8.814 0 0.127 174.682 4 0.484 0.293 0
0.51 0.904 0 6 -4.291 1 0.0357 150.004 4 0.542 0.0993 0
0.548 0.898 0 0 -2.561 0 0.0459 145.953 4 0.596 0.225 0
0.643 0.813 0.000348 5 -2.147 0 0.0828 124.178 4 0.352 0.109 7
0.518 0.791 0 0 -2.407 1 0.0316 87.028 4 0.431 0.00877 11
0.604 0.723 4.31e-05 1 -6.057 0 0.195 147.478 4 0.592 0.247 2
0.743 0.359 0.00611 1 -10.401 1 0.0794 160.083 4 0.588 0.199 7
0.709 0.646 0 8 -5.912 0 0.367 95.08 4 0.131 0.436 7
0.798 0.809 0.0765 1 -5.898 0 0.063 120.044 4 0.766 0.00689 13
0.638 0.6 0 1 -5.84 0 0.0438 101.981 4 0.04 0.114 7
0.608 0.798 0 6 -5.092 0 0.0432 92.943 4 0.488 0.0736 13
0.654 0.674 0 9 -4.644 1 0.0415 126.929 4 0.227 0.00317 7
0.764 0.262 0.0249 1 -17.074 0 0.446 80.047 4 0.325 0.455 11
0.415 0.656 0 2 -6.188 1 0.0297 145.076 4 0.272 0.000666 0
0.618 0.727 0 3 -7.224 0 0.208 164.992 4 0.382 0.0312 7
0.369 0.435 0.000195 1 -13.273 0 0.246 171.943 4 0.164 0.269 0
0.658 0.591 8.15e-05 2 -5.221 1 0.0647 126.829 4 0.487 0.435 2
0.678 0.317 4.31e-05 8 -9.427 1 0.0583 140.009 4 0.157 0.215 7
0.367 0.498 0 2 -5.111 1 0.0376 147.068 4 0.408 0.833 2
0.681 0.594 3.49e-06 7 -7.028 1 0.282 186.054 4 0.51 0.165 2
0.588 0.471 0.00146 0 -7.287 1 0.0577 152.881 4 0.211 0.592 2
0.518 0.947 0 5 -2.979 1 0.0396 141.023 4 0.638 0.00153 1
0.809 0.504 0 2 -3.201 1 0.15 120.065 4 0.528 0.00156 7
0.837 0.551 0 3 -8.028 0 0.0961 139.083 4 0.376 0.159 7
0.392 0.884 6.79e-05 0 -3.374 1 0.0385 169.123 4 0.505 0.00132 0
0.698 0.628 0 3 -6.505 1 0.056 105.014 4 0.433 0.138 0
0.683 0.427 0 8 -6.827 1 0.0777 113.634 4 0.431 0.368 2
0.468 0.977 0.0213 8 -4.198 1 0.0645 134.996 4 0.477 4.99e-06 8
0.82 0.486 0.000155 5 -8.536 0 0.0956 112.999 4 0.0746 0.167 11
0.723 0.929 0 9 -3.022 0 0.106 92.964 4 0.816 0.119 2
0.77 0.787 0 10 -4.402 0 0.113 125.013 4 0.696 0.0482 2
0.663 0.656 0.000279 1 -6.548 1 0.0413 120.037 4 0.555 0.27 0
0.439 0.802 0 7 -3.644 1 0.054 168.032 4 0.688 0.333 0
0.41 0.711 0.00179 4 -3.064 1 0.0432 159.837 4 0.247 0.373 13
0.545 0.458 0 11 -8.273 1 0.0583 84.848 4 0.316 0.38 0
0.849 0.52 0.0238 1 -9.814 0 0.26 141.9 4 0.187 0.0273 7
0.47 0.926 0.000195 5 -5.359 0 0.113 139.045 4 0.137 0.309 0
0.523 0.725 6.96e-06 2 -5.448 1 0.0339 155.855 4 0.52 0.0558 0
0.642 0.816 0.000343 5 -2.129 0 0.0899 124.172 4 0.339 0.115 7
0.644 0.601 0 10 -5.097 0 0.0496 133.946 4 0.483 0.388 2
0.77 0.659 0.0152 11 -5.297 0 0.0319 129.973 4 0.645 0.139 2
0.497 0.547 0 1 -6.988 1 0.0277 81.425 4 0.249 0.157 2
0.661 0.539 0 11 -6.279 0 0.18 81.99 4 0.374 0.647 2
0.59 0.465 0 7 -6.853 1 0.0293 110.255 3 0.27 0.227 2
0.333 0.597 0 2 -4.377 1 0.0336 135.852 4 0.218 0.602 0
0.631 0.604 0.0376 5 -6.445 0 0.0467 175.997 4 0.789 0.0731 11
0.674 0.694 0 2 -4.739 1 0.129 137.839 4 0.255 0.223 7
0.746 0.961 1.84e-06 0 -2.243 1 0.13 179.984 4 0.954 0.206 14
0.761 0.838 0 4 -3.073 0 0.0502 93.974 4 0.717 0.4 2
0.578 0.768 0 6 -4.163 1 0.0443 101.907 4 0.343 0.105 2
0.464 0.956 4.56e-05 9 -4.102 0 0.108 144.988 4 0.293 2.72e-05 0
0.722 0.831 0.0292 6 -3.582 1 0.0242 102.017 4 0.683 0.00449 13
0.58 0.768 1.05e-06 11 -5.482 1 0.386 124.719 5 0.351 0.608 7
0.72 0.763 0 9 -4.068 0 0.0523 101.965 4 0.748 0.406 2
0.757 0.655 0 7 -4.53 1 0.11 155.971 4 0.577 0.127 7
0.322 0.732 0 8 -4.903 1 0.0442 92.132 4 0.58 0.225 0
0.798 0.568 0 5 -9.072 0 0.135 148.88 3 0.46 0.0213 7
0.448 0.815 0.686 0 -5.951 0 0.0361 124.808 4 0.22 0.0867 1
0.53 0.861 0 4 -5.408 0 0.0494 93.943 4 0.652 0.214 0
0.769 0.813 0 0 -5.9 0 0.143 92.985 4 0.567 0.429 2
0.699 0.515 0.094 0 -10.325 1 0.0669 75.988 4 0.639 0.145 11
0.676 0.843 0.000752 0 -4.068 1 0.0367 105.003 4 0.725 0.0623 13
0.467 0.827 3.73e-06 7 -5.761 1 0.0571 145.008 4 0.33 0.00124 0
0.753 0.744 0.00388 10 -5.275 0 0.0546 143.03 4 0.441 0.0489 7
0.618 0.793 0 2 -4.777 1 0.151 88.387 4 0.867 0.2 14
0.491 0.766 0.263 6 -5.796 1 0.0571 94.945 4 0.905 0.000284 11
0.735 0.503 0 0 -8.605 1 0.0667 99.916 4 0.351 0.00835 2
0.542 0.727 0 1 -5.268 0 0.0849 150.098 4 0.568 0.135 2
0.451 0.809 0 0 -5.327 1 0.141 189.888 4 0.468 0.073 2
0.654 0.859 0 0 -4.321 1 0.166 114.87 4 0.724 0.336 13
0.818 0.803 0 1 -4.282 1 0.0797 106.97 4 0.618 0.034 2
0.67 0.679 0 7 -5.618 1 0.118 172.069 4 0.794 0.189 14
0.768 0.485 0 6 -8.435 0 0.0825 140.016 4 0.276 0.102 2
0.433 0.406 0.759 8 -10.291 0 0.0567 127.941 5 0.334 0.793 11
0.88 0.507 0.474 1 -7.782 1 0.0921 109.977 4 0.38 0.0587 11
0.443 0.804 2.89e-06 10 -6.432 1 0.0406 151.928 4 0.437 0.0165 0
0.516 0.786 1.77e-06 4 -5.514 0 0.106 130.069 4 0.182 0.0583 13
0.628 0.439 0 10 -9.515 0 0.0755 124.01 4 0.61 0.817 0
0.627 0.812 0 6 -4.215 1 0.0358 123.071 4 0.497 0.198 7
0.505 0.916 0.129 7 -5.882 1 0.037 98.986 4 0.281 0.000164 2
0.437 0.706 0 11 -6.239 0 0.341 172.563 4 0.163 0.00781 7
0.636 0.633 0 4 -4.23 1 0.126 99.721 4 0.527 0.371 2
0.653 0.409 0.00012 9 -11.446 1 0.421 174.324 4 0.181 0.361 7
0.442 0.892 7.92e-06 9 -6.431 0 0.086 151.914 4 0.258 0.00267 9
0.437 0.733 0.00556 6 -6.151 1 0.0283 179.933 4 0.412 0.000754 8
0.723 0.889 0 0 -4.017 1 0.0939 101.032 4 0.711 0.0673 0
0.794 0.773 3.87e-05 7 -5.923 1 0.0569 121.972 4 0.794 0.509 2
0.392 0.868 3.4e-06 1 -6.711 0 0.0517 96.713 4 0.285 0.00155 8
0.819 0.913 3.72e-05 4 -3.059 0 0.0427 119.989 4 0.523 0.0935 13
0.7 0.754 0 4 -5.249 1 0.0905 101.984 4 0.69 0.363 13
0.549 0.773 6.89e-05 10 -4.823 1 0.105 149.952 4 0.293 0.248 0
0.494 0.864 0.302 7 -6.733 1 0.0682 104.021 4 0.423 0.118 0
0.698 0.868 1.23e-06 8 -3.016 0 0.0855 102.989 4 0.48 0.259 14
0.461 0.293 9.95e-06 6 -9.52 1 0.0555 180.297 4 0.515 0.947 7
0.695 0.814 8.53e-05 4 -5.35 1 0.0461 169.988 4 0.861 0.0571 14
0.757 0.867 0.0992 0 -2.529 0 0.0362 125.962 4 0.518 0.0841 0
0.725 0.711 0 10 -4.544 1 0.0335 93.003 4 0.476 0.0821 14
0.865 0.745 0 0 -5.076 1 0.136 132.962 4 0.641 0.0156 0
0.686 0.683 0 2 -4.769 1 0.194 137.922 4 0.272 0.221 7
0.609 0.887 4.76e-06 9 -4.749 0 0.0507 97.99 4 0.303 0.0504 2
0.771 0.825 0 0 -4.009 1 0.0441 92.009 4 0.824 0.305 2
0.231 0.791 0.00055 4 -4.297 0 0.0446 87.337 4 0.404 0.00278 8
0.746 0.653 0 7 -6.745 1 0.289 75.016 4 0.663 0.378 7
0.489 0.801 0.0836 7 -5.581 1 0.0507 100.99 4 0.739 0.0799 0
0.661 0.651 1.32e-05 7 -3.771 0 0.0499 87.46 4 0.364 0.117 2
0.508 0.687 3.41e-06 0 -4.361 1 0.326 180.044 4 0.565 0.551 14
0.573 0.649 0.0335 0 -8.258 1 0.0313 113.158 4 0.111 0.421 11
0.591 0.881 0.00203 6 -4.073 0 0.0614 128.076 4 0.16 0.0316 13
0.886 0.525 0 8 -7.39 1 0.131 145.99 4 0.711 0.236 7
0.52 0.491 0 9 -8.725 0 0.319 137.193 4 0.458 0.0317 0
0.837 0.608 0 6 -6.046 0 0.0381 94.0 4 0.598 0.283 14
0.803 0.657 0 1 -5.136 1 0.0455 130.013 4 0.123 0.0683 2
0.38 0.553 2.63e-06 7 -6.621 1 0.0653 179.629 4 0.381 0.421 2
0.739 0.881 0 5 -4.359 1 0.0484 98.062 4 0.836 0.175 2
0.64 0.196 3.63e-05 4 -11.478 1 0.0267 143.919 4 0.273 0.819 0
0.637 0.359 5.39e-05 10 -9.841 0 0.0325 111.049 4 0.14 0.593 11
0.707 0.911 0 1 -2.892 1 0.0559 104.878 4 0.532 0.149 14
0.345 0.798 0 2 -3.724 1 0.0404 200.061 4 0.684 0.00566 0
0.542 0.889 3.74e-05 9 -4.172 1 0.0787 106.274 4 0.438 0.0111 0
0.629 0.845 0.0735 9 -3.467 0 0.114 126.025 4 0.237 0.00246 13
0.783 0.673 0 11 -4.938 1 0.0536 91.0 4 0.662 0.143 2
0.696 0.874 2.02e-06 2 -4.615 0 0.0492 125.924 4 0.61 0.0267 2
0.501 0.519 0 4 -5.88 0 0.0409 133.99 4 0.157 0.109 13
0.463 0.271 0 4 -10.621 1 0.0387 130.372 4 0.151 0.812 11
0.684 0.541 0 2 -6.057 1 0.0329 132.909 4 0.344 0.152 0
0.865 0.687 0 10 -3.744 0 0.217 139.023 4 0.515 0.242 7
0.477 0.916 0.684 1 -4.94 1 0.037 127.99 4 0.108 0.000763 13
0.745 0.875 1.5e-06 0 -4.231 1 0.0444 88.007 4 0.724 0.0659 14
0.717 0.507 3.21e-05 4 -8.595 0 0.0445 100.017 4 0.198 0.0741 0
0.794 0.646 0 0 -6.235 1 0.0614 145.931 4 0.331 0.13 7
0.477 0.991 0.00124 10 -3.405 0 0.114 125.097 4 0.206 0.0022 8
0.822 0.942 0.838 7 -2.666 1 0.115 106.995 4 0.402 0.104 0
0.49 0.894 0 11 -1.708 0 0.0947 197.989 4 0.656 0.0869 14
0.68 0.867 0.0423 7 -5.128 0 0.0437 126.078 4 0.277 0.0802 13
0.906 0.444 6.44e-05 4 -8.692 0 0.384 140.063 4 0.68 0.136 7
0.717 0.347 2.43e-06 11 -10.265 0 0.0636 84.987 4 0.0593 0.0511 7
0.732 0.79 0.118 2 -4.346 1 0.0918 78.504 4 0.827 0.0369 7
0.832 0.772 0.000486 10 -5.429 1 0.1 96.016 4 0.714 0.0559 14
0.981 0.417 0.359 11 -10.732 0 0.134 122.044 4 0.269 0.0471 7
0.533 0.91 0 8 -3.087 1 0.0566 113.054 4 0.481 0.0102 0
0.552 0.692 0 9 -5.54 1 0.0593 144.666 4 0.526 0.339 0
0.541 0.59 0.00744 5 -6.631 1 0.0294 107.953 4 0.0673 0.0695 1
0.83 0.615 0.000548 1 -6.221 1 0.0468 101.031 4 0.38 0.074 7
0.859 0.756 4.65e-05 8 -3.36 0 0.0643 102.033 4 0.913 0.168 2
0.939 0.548 0 2 -7.16 1 0.141 134.004 4 0.0617 0.0013 7
0.674 0.593 0.000529 11 -6.47 0 0.0582 116.995 4 0.471 0.201 2
0.337 0.263 0 0 -8.924 1 0.0334 118.318 4 0.0893 0.89 0
0.52 0.958 0.169 4 -2.671 0 0.474 127.907 4 0.251 0.00407 13
0.709 0.72 0 7 -3.94 0 0.0366 115.987 4 0.665 0.263 13
0.713 0.58 0.000169 6 -8.031 1 0.0832 89.97 4 0.23 0.57 0
0.689 0.512 2.07e-06 1 -6.206 1 0.0509 90.091 4 0.601 0.346 11
0.783 0.467 0.809 6 -9.474 1 0.0503 90.838 4 0.236 0.729 13
0.624 0.646 1.69e-06 6 -7.123 1 0.0537 100.016 4 0.309 0.207 0
0.677 0.558 0 11 -7.622 0 0.252 95.032 4 0.548 0.0278 7
0.409 0.374 0.00145 7 -8.725 0 0.0298 124.092 5 0.192 0.655 0
0.924 0.543 0 9 -7.474 0 0.298 133.907 4 0.726 0.182 7
0.78 0.929 0 11 -0.739 0 0.0532 95.012 4 0.837 0.171 2
0.482 0.769 0.00498 6 -4.473 1 0.0549 149.69 4 0.423 0.0343 13
0.682 0.592 5.49e-06 7 -7.033 1 0.281 186.041 4 0.477 0.169 2
None 0.676 0 3 -3.568 1 None 0 None None 0.897 0
0.633 0.624 0 6 -4.603 1 0.0389 127.052 4 0.301 0.197 13
0.501 0.411 3.95e-06 1 -6.824 0 0.0346 107.74 4 0.369 0.563 2
0.458 0.894 0 9 -4.903 1 0.0398 160.125 4 0.709 0.0209 0
0.596 0.362 0.00216 3 -11.879 0 0.0535 132.067 4 0.17 0.735 11
0.477 0.647 0 3 -4.657 0 0.343 109.879 4 0.562 0.0872 7
0.736 0.425 0 2 -8.027 1 0.0933 132.033 4 0.486 0.0858 0
0.596 0.894 0.00659 0 -5.407 1 0.0265 132.994 5 0.588 0.00878 11
0.577 0.911 0.0587 1 -4.449 1 0.0512 160.036 4 0.56 0.0186 13
0.853 0.56 0 1 -4.961 1 0.0406 134.066 4 0.853 0.013 2
0.477 0.672 0 1 -5.234 1 0.0306 139.864 4 0.265 0.049 0
0.627 0.717 0 8 -5.751 0 0.0376 105.05 4 0.569 0.017 0
0.575 0.373 0.00619 10 -9.034 0 0.0342 159.35 4 0.324 0.697 0
0.563 0.775 0 8 -6.433 1 0.0366 144.945 4 0.438 0.00251 2
0.529 0.803 0 7 -5.379 1 0.0389 97.043 4 0.343 0.2 0
0.726 0.861 4.12e-06 6 -5.172 1 0.0695 91.962 4 0.71 0.277 11
0.665 0.706 0 8 -6.859 0 0.0958 147.067 4 0.645 0.0237 7
0.396 0.912 0.631 7 -4.026 0 0.0856 125.923 4 0.146 4.24e-05 8
0.589 0.809 0 3 -5.292 1 0.0376 88.965 4 0.464 0.231 0
0.429 0.188 0.903 9 -16.252 1 0.0568 97.382 3 0.116 0.977 0
0.672 0.642 0 5 -4.552 1 0.0461 123.984 4 0.659 0.127 2
0.453 0.989 0.116 8 -4.395 1 0.165 140.48 4 0.241 0.000138 2
0.488 0.762 0 8 -3.842 1 0.0865 123.889 4 0.717 0.591 2
0.774 0.812 0 7 -5.446 1 0.215 103.878 4 0.745 0.184 7
0.751 0.58 1.66e-06 1 -4.349 1 0.281 78.082 4 0.563 0.125 11
0.622 0.571 0 0 -5.338 0 0.0493 81.059 4 0.613 0.0458 2
0.362 0.557 0.0138 4 -9.045 0 0.0573 94.756 4 0.28 0.0683 2
0.705 0.609 0 3 -5.728 1 0.0729 140.058 4 0.718 0.694 7
0.92 0.674 0 1 -5.662 0 0.264 141.967 4 0.737 0.307 7
0.587 0.712 0 1 -6.312 1 0.414 97.991 4 0.402 0.173 0
0.508 0.782 3.03e-06 1 -4.667 1 0.0454 126.917 4 0.287 0.0193 13
0.789 0.53 0 2 -6.2 1 0.293 75.515 4 0.381 0.0541 7
0.885 0.703 2.39e-05 6 -6.468 0 0.0878 100.002 4 0.808 0.0824 14
0.464 0.383 5.5e-05 2 -10.87 0 0.0307 130.072 4 0.134 0.134 8
0.514 0.742 5.1e-05 1 -6.754 1 0.109 183.979 4 0.458 0.0467 2
0.473 0.711 0 10 -5.703 0 0.317 67.373 4 0.622 0.0474 11
0.712 0.841 7.87e-05 7 -5.432 0 0.0455 98.003 4 0.656 0.0685 2
0.59 0.469 0 2 -6.282 0 0.0367 78.973 4 0.3 0.786 2
0.62 0.907 6.77e-05 3 -4.956 1 0.073 123.048 4 0.432 0.00351 13
0.665 0.75 0 1 -3.769 0 0.0633 89.996 4 0.369 0.0239 0
0.637 0.419 4.88e-06 6 -8.73 0 0.0332 83.91 4 0.155 0.107 8
0.512 0.927 0.0434 2 -4.92 1 0.0644 125.145 4 0.331 0.0372 0
0.595 0.662 0 11 -6.858 0 0.0362 96.053 4 0.415 0.0178 2
0.842 0.498 0 1 -6.838 0 0.505 150.933 4 0.337 0.0747 7
0.802 0.736 0 2 -3.869 1 0.0534 117.973 4 0.822 0.557 0
0.715 0.908 0.00626 11 -6.983 1 0.0469 107.99 4 0.699 0.0242 6
0.579 0.781 8.66e-05 6 -6.131 0 0.0363 137.965 4 0.715 4.12e-05 2
0.568 0.735 0.00913 5 -3.363 1 0.0419 98.022 4 0.55 0.00213 1
0.791 0.619 0.00423 1 -5.886 1 0.0532 103.989 4 0.376 0.00784 7
0.651 0.619 0.938 6 -6.973 0 0.0324 165.968 4 0.549 0.286 0
0.603 0.896 0 0 -3.83 1 0.0375 113.029 4 0.309 0.0685 0
0.506 0.744 0.703 0 -5.845 1 0.0266 97.967 4 0.46 0.000926 1
0.77 0.567 0 2 -5.698 1 0.175 81.477 4 0.256 0.105 7
0.643 0.705 0.193 0 -9.698 1 0.0407 138.027 4 0.488 0.000576 0
0.66 0.532 0 6 -6.847 1 0.071 79.035 4 0.626 0.204 2
0.803 0.743 2.12e-06 1 -3.602 0 0.0681 108.005 4 0.68 0.105 13
0.446 0.793 0 0 -5.365 1 0.156 189.891 4 0.464 0.089 2
0.358 0.557 0 10 -7.398 1 0.059 85.043 4 0.475 0.695 2
0.96 0.624 0 2 -2.814 1 0.0838 109.986 4 0.492 0.206 0
0.636 0.72 0.0178 11 -6.195 1 0.0432 124.944 4 0.444 0.0893 13
0.883 0.69 0 2 -7.854 1 0.105 115.023 4 0.452 0.383 6
0.47 0.54 0 0 -7.606 0 0.0667 83.129 4 0.393 0.487 7
0.655 0.683 0 5 -6.259 0 0.047 120.984 4 0.404 0.0247 2
0.663 0.578 0.37 1 -11.515 1 0.0333 149.272 4 0.84 0.649 11
0.666 0.403 0 5 -9.451 1 0.106 74.882 4 0.629 0.101 0
0.772 0.775 0 10 -4.388 0 0.112 124.978 4 0.742 0.0417 2
0.613 0.925 1.52e-06 6 -1.579 0 0.0622 154.908 4 0.478 0.00383 13
0.561 0.588 2.13e-05 1 -8.377 1 0.266 166.136 4 0.42 0.173 7
0.863 0.576 0 5 -5.687 0 0.239 132.054 4 0.839 0.124 7
0.586 0.525 0 0 -8.968 1 0.498 126.51 4 0.518 0.0705 7
0.522 0.473 0.0179 7 -9.26 0 0.0764 148.056 4 0.191 0.656 11
0.73 0.701 0 5 -5.885 0 0.106 175.95 4 0.789 0.132 0
0.466 0.496 6.22e-06 1 -6.606 1 0.0302 74.747 4 0.352 0.626 2
0.674 0.706 7.98e-05 8 -4.824 1 0.0586 160.023 4 0.962 0.234 0
0.485 0.834 0 9 -5.413 1 0.0715 90.933 4 0.658 0.0665 0
0.638 0.828 0 7 -4.53 1 0.0393 122.037 4 0.102 0.043 13
0.762 0.558 5.09e-05 0 -6.863 1 0.0498 125.997 4 0.434 0.00535 0
0.547 0.834 0.00627 7 -5.55 0 0.0759 140.026 4 0.096 0.00333 13
0.443 0.726 0 7 -3.745 1 0.167 119.824 4 0.362 0.416 13
0.553 0.471 2.42e-06 5 -6.447 1 0.0261 135.877 4 0.331 0.709 0
0.747 0.796 0 9 -3.87 1 0.109 91.984 4 0.646 0.0824 2
0.719 0.615 0.000147 6 -5.972 1 0.045 96.988 4 0.488 0.408 2
0.552 0.893 0 0 -4.593 1 0.0383 163.948 4 0.767 0.0158 0
0.572 0.754 1.86e-06 1 -4.148 1 0.0564 150.068 4 0.421 0.0949 7
0.483 0.121 0 2 -15.133 0 0.0349 106.032 4 0.422 0.91 0
0.568 0.906 0.809 9 -7.31 1 0.0379 157.998 4 0.598 0.0352 0
0.773 0.606 0.000325 5 -6.778 0 0.097 94.058 4 0.359 0.0901 7
0.391 0.899 0 1 -4.105 1 0.0491 175.937 4 0.533 0.000811 8
0.596 0.838 1.54e-05 5 -6.52 0 0.0704 94.982 4 0.479 0.0189 2
0.681 0.845 0 11 -5.147 0 0.0525 132.023 4 0.761 0.0304 0
0.732 0.747 0 11 -4.443 0 0.0571 106.018 4 0.477 0.722 11
0.745 0.669 0 9 -3.613 1 0.129 143.164 4 0.711 0.522 7
0.479 0.86 0 0 -4.318 1 0.0347 80.018 4 0.759 0.00566 0
0.582 0.621 0.275 4 -9.194 0 0.056 184.98 3 0.0603 0.646 13
0.731 0.469 1.04e-06 5 -7.226 1 0.0326 98.963 4 0.618 0.463 0
0.571 0.903 0 1 -4.101 1 0.0538 128.011 4 0.742 0.000808 0
0.402 0.868 0.0721 1 -3.624 0 0.0777 127.916 4 0.173 0.00274 13
0.598 0.753 0 7 -5.605 1 0.0319 107.97 4 0.677 0.0248 0
0.745 0.685 0 4 -5.7 0 0.0313 121.977 4 0.431 0.53 7
0.586 0.832 0 7 -5.328 1 0.0836 153.27 4 0.561 0.00606 7
0.259 0.978 0.000314 8 -3.842 1 0.22 132.97 4 0.285 0.000477 0
0.596 0.544 0 10 -7.294 1 0.0315 147.976 4 0.381 0.397 0
0.616 0.989 0 9 -1.698 0 0.0483 95.036 4 0.906 0.166 14
0.656 0.832 0.000243 0 -5.228 1 0.0732 101.022 4 0.576 0.139 2
